0.26250000000000007 0.26250000000000007 0.18750000000000003 0.15000000000000002 0.07500000000000001 0.0 0.0 0.0 0.0 0.0 0.0 0.0 0.0 0.0 0.0 0.0 0.0 0.0 0.0 0.0 0.0 0.0 0.0 0.0 0.0 0.0091164454965882557 0.0091164454965882557 0.0091164454965882557 0.0091164454965882557 0.0091164454965882557 0.0 0.0 0.0 0.0 0.0 0.0 0.0 0.0 0.0 0.0 0.0 0.0 0.0 0.0 0.0 0.0 0.0 0.0 0.0 0.0 
0.26250000000000007 0.30000000000000004 0.22500000000000003 0.18750000000000003 0.11250000000000002 0.037500000000000006 0.0 0.0 0.0 0.0 0.0 0.0 0.0 0.0 0.0 0.0 0.0 0.0 0.0 0.0 0.0 0.0 0.0 0.0 0.0 0.0091164454965882557 0.018232890993176511 0.018232890993176511 0.018232890993176511 0.018232890993176511 0.0091164454965882557 0.0 0.0 0.0 0.0 0.0 0.0 0.0 0.0 0.0 0.0 0.0 0.0 0.0 0.0 0.0 0.0 0.0 0.0 0.0 
0.18750000000000003 0.22500000000000003 0.22500000000000003 0.18750000000000003 0.11250000000000002 0.037500000000000006 0.0 0.0 0.0 0.0 0.0 0.0 0.0 0.0 0.0 0.0 0.0 0.0 0.0 0.0 0.0 0.0 0.0091164454965882557 0.0091164454965882557 0.0091164454965882557 0.018232890993176511 0.027349336489764765 0.027349336489764765 0.027349336489764765 0.027349336489764765 0.018232890993176511 0.0091164454965882557 0.0 0.0 0.0 0.0 0.0 0.0 0.0 0.0 0.0 0.0 0.0 0.0 0.0 0.0 0.0 0.0 0.0 0.0 
0.15000000000000002 0.18750000000000003 0.18750000000000003 0.18750000000000003 0.11250000000000002 0.037500000000000006 0.0 0.0 0.0 0.0 0.0 0.0 0.0 0.0 0.0 0.0 0.0 0.0 0.0 0.0 0.0 0.0 0.0091164454965882557 0.018232890993176511 0.018232890993176511 0.027349336489764765 0.036465781986353023 0.036465781986353023 0.027349336489764765 0.027349336489764765 0.018232890993176511 0.0091164454965882557 0.0 0.0 0.0 0.0 0.0 0.0 0.0 0.0 0.0 0.0 0.0 0.0 0.0 0.0 0.0 0.0 0.0 0.0 
0.07500000000000001 0.11250000000000002 0.11250000000000002 0.11250000000000002 0.11250000000000002 0.037500000000000006 0.0 0.0 0.0 0.0 0.0 0.0 0.0 0.0 0.0 0.0 0.0 0.0 0.0 0.0 0.0 0.0 0.0091164454965882557 0.018232890993176511 0.036465781986353023 0.04558222748294128 0.054698672979529538 0.054698672979529538 0.04558222748294128 0.027349336489764765 0.018232890993176511 0.0091164454965882557 0.0 0.0 0.0 0.0 0.0 0.0 0.0 0.0 0.0 0.0 0.0 0.0 0.0 0.0 0.0 0.0 0.0 0.0 
0.0 0.037500000000000006 0.037500000000000006 0.037500000000000006 0.037500000000000006 0.037500000000000006 0.0 0.0 0.0 0.0 0.0 0.0 0.0 0.0 0.0 0.0 0.0 0.0 0.0 0.0 0.0 0.0 0.0091164454965882557 0.018232890993176511 0.036465781986353023 0.04558222748294128 0.054698672979529538 0.054698672979529538 0.04558222748294128 0.027349336489764765 0.018232890993176511 0.0091164454965882557 0.0 0.0 0.0 0.0 0.0 0.0 0.0 0.0 0.0 0.0 0.0 0.0 0.0 0.0 0.0 0.0 0.0 0.0 
0.0 0.0 0.0 0.0 0.0 0.0 0.0 0.0 0.0 0.0 0.0 0.0 0.0 0.0 0.0 0.0 0.0 0.0 0.0 0.0 0.0 0.0 0.0091164454965882557 0.018232890993176511 0.036465781986353023 0.04558222748294128 0.04558222748294128 0.04558222748294128 0.036465781986353023 0.018232890993176511 0.0091164454965882557 0.0091164454965882557 0.0 0.0 0.0 0.0 0.0 0.0 0.0 0.0 0.0 0.0 0.0 0.0 0.0 0.0 0.0 0.0 0.0 0.0 
0.0 0.0 0.0 0.0 0.0 0.0 0.0 0.0 0.0 0.0 0.0 0.0 0.0 0.0 0.0 0.0 0.0 0.0 0.0 0.0 0.0 0.0 0.0 0.0091164454965882557 0.027349336489764765 0.036465781986353023 0.036465781986353023 0.036465781986353023 0.027349336489764765 0.0091164454965882557 0.0 0.0 0.0 0.0 0.0 0.0 0.0 -0.0062567563983986999 -0.0062567563983986999 -0.0062567563983986999 -0.0062567563983986999 -0.0062567563983986999 0.0 0.0 0.0 0.0 0.0 0.0 0.0 0.0 
0.0 0.0 0.0 0.0 0.0 0.0 0.0 0.0 0.0 0.0 0.0 0.0 0.0 0.0 0.0 0.0 0.0 0.0 0.0 0.0 0.0 0.0 0.0 0.0 0.018232890993176511 0.027349336489764765 0.027349336489764765 0.027349336489764765 0.027349336489764765 0.0091164454965882557 0.0 0.0 0.0 0.0 0.0 0.0 0.0 -0.0062567563983986999 -0.0125135127967974 -0.0125135127967974 -0.0125135127967974 -0.0125135127967974 -0.0062567563983986999 0.0 0.0 0.0 0.0 0.0 0.0 0.0 
0.0 0.0 0.0 0.0 -0.0050975516306295899 -0.0050975516306295899 -0.0050975516306295899 -0.0050975516306295899 -0.0050975516306295899 0.0 0.0 0.0 0.0 0.0 0.0 0.0 0.0 0.0 0.0 0.0 0.0 0.0 0.0 0.0 0.0 0.0091164454965882557 0.0091164454965882557 0.0091164454965882557 0.0091164454965882557 0.0091164454965882557 0.0 0.0 0.0 0.0 0.0043926919432170095 0.0043926919432170095 0.0043926919432170095 -0.0018640644551816904 -0.0081208208535803912 -0.0250270255935948 -0.0250270255935948 -0.0250270255935948 -0.018770269195196101 -0.0125135127967974 0.0 0.0 0.0 0.0 0.0 0.0 
0.0 0.0 0.0 0.0 -0.0050975516306295899 -0.01529265489188877 -0.01529265489188877 -0.01529265489188877 -0.01529265489188877 -0.01019510326125918 0.0 0.0 0.0 0.0 0.0 0.0 0.0 0.0 0.0 0.0 0.0 0.0 0.0 0.0 0.0 0.0 0.0 0.0 0.0 0.0 0.0 0.0 0.0 0.0 0.0043926919432170095 0.013178075829651029 0.013178075829651029 0.0069213194312523294 0.0006645630328536295 -0.016241641707160782 -0.037540538390392196 -0.037540538390392196 -0.031283781991993498 -0.0250270255935948 -0.0125135127967974 0.0 0.0 0.0 0.0 0.0 
0.0 0.0 0.0 0.0 -0.0050975516306295899 -0.01529265489188877 -0.020390206522518359 -0.020390206522518359 -0.020390206522518359 -0.01529265489188877 -0.0050975516306295899 0.0 0.0 0.0 0.0 0.0 0.0 0.0 0.0 0.0 0.0 0.0 0.0 0.0 0.0 0.0 0.0 0.0 0.0 0.0 0.0 0.004863454473876711 0.004863454473876711 0.004863454473876711 0.0092561464170937205 0.018041530303527741 0.017570767772868038 0.01131401137446934 0.005057254976070639 -0.011848949763943774 -0.033147846447175187 -0.043797294788790894 -0.037540538390392196 -0.031283781991993498 -0.018770269195196101 -0.0062567563983986999 0.0 0.0 0.0 0.0 
0.0 0.0 0.0 0.0 -0.0050975516306295899 -0.01529265489188877 -0.020390206522518359 -0.030585309783777537 -0.030585309783777537 -0.025487758153147948 -0.01529265489188877 -0.01019510326125918 0.0 0.0 0.0 0.0 0.0 0.0 0.0 0.0 0.0 0.0 0.0 0.0 0.0 0.0 0.0 0.0 0.0 0.0 0.0 0.004863454473876711 0.014590363421630132 0.014590363421630132 0.018983055364847144 0.027768439251281165 0.027297676720621462 0.020099395260903357 0.013842638862504659 -0.0030635658775097522 -0.02436246256074117 -0.035011910902356877 -0.037540538390392196 -0.031283781991993498 -0.018770269195196101 -0.0062567563983986999 0.0 0.0 0.0 0.0 
0.0 0.0 0.0 0.0 -0.0050975516306295899 -0.01529265489188877 -0.020390206522518359 -0.030585309783777537 -0.040117502532636622 -0.035019950902007026 -0.024824847640747848 -0.019727296010118259 -0.0095321927488590807 0.0 0.0 0.0 0.0 0.0 0.0 0.0 0.0 0.0 0.0 0.0 0.0 0.0 0.0 0.0 0.0 0.0 0.0 0.004863454473876711 0.014590363421630132 0.023846509838723856 0.028239201781940865 0.037024585668374882 0.036553823137715179 0.029355541677997078 0.020099395260903357 0.0031931905208889477 -0.018105706162342472 -0.028755154503958179 -0.031283781991993498 -0.031283781991993498 -0.018770269195196101 -0.0062567563983986999 0.0 0.0 0.0 0.0 
0.0 0.0 0.0 0.0 0.0 -0.01019510326125918 -0.01529265489188877 -0.025487758153147948 -0.035019950902007026 -0.048986784769095598 -0.03879168150783642 -0.033694129877206831 -0.023499026615947653 -0.013966833867088571 0.0 0.0 0.0 0.0 0.0 0.0 0.0 0.0 0.0 0.0 0.0 0.0 0.0 0.0 0.0 0.0 0.0 0.004863454473876711 0.014590363421630132 0.023846509838723856 0.037966110729694288 0.046751494616128306 0.046280732085468602 0.039082450625750498 0.029826304208656777 0.015706703317686348 -0.0055921933655450713 -0.016241641707160782 -0.018770269195196101 -0.018770269195196101 -0.018770269195196101 -0.0062567563983986999 0.0 0.0 0.0 0.0 
0.0 0.0 0.0 0.0 0.0 -0.00886928223645898 -0.013966833867088569 -0.024161937128347747 -0.033694129877206831 -0.047660963744295397 -0.03879168150783642 -0.033694129877206831 -0.023499026615947653 -0.013966833867088571 0.0 0.0 0.0 0.0 0.0 0.0 0.0 0.0 0.0 0.0 0.0 0.0 0.0 0.0 0.0 0.0 0.004863454473876711 0.009726908947753422 0.019453817895506844 0.028709964312600568 0.042829565203571 0.042829565203571 0.042358802672911297 0.035160521213193192 0.025904374796099472 0.01178477390512904 0.0069213194312523285 -0.0037281289103633809 -0.0062567563983986999 -0.0062567563983986999 -0.0062567563983986999 -0.0062567563983986999 0.0 0.0 0.0 0.0 
0.0 0.0 0.0 0.0 0.0 -0.00886928223645898 -0.01330392335468847 -0.023499026615947646 -0.033031219364806727 -0.0469980532318953 -0.038128770995436323 -0.033694129877206831 -0.023499026615947653 -0.013966833867088571 0.0 0.0 0.0 0.0 0.0 0.0 0.0 0.0 0.0 0.0 0.0 0.0 0.0 0.0 0.0 0.0 0.004863454473876711 0.004863454473876711 0.014590363421630132 0.023846509838723856 0.037966110729694288 0.037966110729694288 0.037966110729694288 0.030767829269976184 0.021511682852882463 0.0073920819619120301 0.0025286274880353191 0.0025286274880353191 0.0 0.0 0.0 0.0 0.0 0.0 0.0 0.0 
0.0 0.0 0.0 0.0 0.0 -0.00886928223645898 -0.01330392335468847 -0.022173205591147452 -0.031705398340006533 -0.045672232207095105 -0.036802949970636128 -0.032368308852406637 -0.023499026615947653 -0.013966833867088571 0.0 0.0 0.0 0.0015169387236583704 0.0015169387236583704 0.0015169387236583704 0.0015169387236583704 0.0015169387236583704 0.0 0.0 0.0 0.0 0.0 0.0 0.0 0.0 0.004863454473876711 0.004863454473876711 0.004863454473876711 0.014119600890970432 0.028239201781940865 0.028239201781940865 0.028239201781940865 0.028239201781940865 0.018983055364847144 0.004863454473876711 0.0 0.0 0.0 0.0 0.0 0.0 0.0 0.0 0.0 0.0 
0.0 0.0 0.0 0.0 0.0 -0.00886928223645898 -0.01330392335468847 -0.022173205591147452 -0.022173205591147452 -0.036140039458236024 -0.027270757221777041 -0.022836116103547549 -0.013966833867088571 -0.013966833867088571 0.0 0.0 0.0 0.0015169387236583704 0.0030338774473167409 0.0030338774473167409 0.0030338774473167409 0.0030338774473167409 0.0015169387236583704 0.0 0.0 0.0 0.0 0.0 0.0 0.0 0.004863454473876711 0.004863454473876711 0.004863454473876711 0.004863454473876711 0.018983055364847144 0.018983055364847144 0.018983055364847144 0.018983055364847144 0.018983055364847144 0.004863454473876711 0.0 0.0 0.0 0.0 0.0 0.0 0.0 0.0 0.0 0.0 
0.0 0.0 0.0 0.0 0.0 -0.00886928223645898 -0.01330392335468847 -0.022173205591147452 -0.022173205591147452 -0.022173205591147452 -0.01330392335468847 -0.00886928223645898 0.0 0.0 0.0030338774473167409 0.0030338774473167409 0.0030338774473167409 0.0045508161709751117 0.0060677548946334817 0.0030338774473167409 0.0030338774473167409 0.0030338774473167409 0.0015169387236583704 0.0 0.0 0.0 0.0 0.0 0.0 0.0 0.004863454473876711 0.004863454473876711 0.004863454473876711 0.004863454473876711 0.004863454473876711 0.004863454473876711 0.004863454473876711 0.004863454473876711 0.004863454473876711 0.004863454473876711 0.0 0.0 0.0 0.0 0.0 0.0 0.0 0.0 0.0 0.0 
0.0 0.0 0.0 0.0 0.0 0.0 -0.00443464111822949 -0.01330392335468847 -0.01330392335468847 -0.01330392335468847 -0.01330392335468847 -0.00886928223645898 0.0 0.0 0.0030338774473167409 0.0060677548946334817 0.0060677548946334817 0.0075846936182918517 0.0091016323419502217 0.0060677548946334817 0.0030338774473167409 0.0030338774473167409 0.0015169387236583704 0.0 0.0 0.0 0.0 0.0 0.0 0.0 0.0 0.0 0.0 0.0 0.0 0.0 0.0 0.0 0.0 0.0 0.0 0.0 0.0 0.0 0.0 0.0 0.0 0.0 0.0 0.0 
0.0 -0.00054692356944460578 -0.00054692356944460578 -0.00054692356944460578 -0.00054692356944460578 -0.00054692356944460578 0.0 -0.00886928223645898 -0.00886928223645898 -0.00886928223645898 -0.00886928223645898 -0.00886928223645898 0.0 0.0 0.0030338774473167409 0.0060677548946334817 0.0075846936182918517 0.0091016323419502217 0.010618571065608592 0.0075846936182918517 0.0045508161709751117 0.0030338774473167409 0.0015169387236583704 0.0 0.0 0.0 0.0 0.0 0.0 0.0 0.0 0.0 0.0 0.0 0.0 0.0 0.0 0.0 0.0 0.0 0.0 0.0 0.0 0.0 0.0 0.0 0.0 0.0 0.0 0.0 
0.0 -0.00054692356944460578 -0.0016407707083338173 -0.0016407707083338173 -0.0016407707083338173 -0.0016407707083338173 -0.0010938471388892116 0.0 0.0 0.0 0.0 0.0 0.0 0.0 0.0030338774473167409 0.0060677548946334817 0.0075846936182918517 0.0091016323419502217 0.010618571065608592 0.0075846936182918517 0.0045508161709751117 0.0030338774473167409 0.0015169387236583704 0.0 0.0 0.0 0.0 0.0 0.0 0.0 0.0 0.0 0.0 0.0 0.0 0.0 0.0 0.0 0.0 0.0 0.0 0.0 0.0 0.0 0.0 0.0 0.0 0.0 0.0 0.0 
0.0 -0.00054692356944460578 -0.0016407707083338173 -0.0021876942777784231 -0.0021876942777784231 -0.0021876942777784231 -0.0016407707083338173 -0.00054692356944460578 0.0 0.0 0.0 0.0 0.0 0.0 0.0030338774473167409 0.0060677548946334817 0.0075846936182918517 0.0091016323419502217 0.0091016323419502217 0.0060677548946334817 0.0030338774473167409 0.0015169387236583704 0.0 0.0 0.0 0.0 0.0 0.0 0.0 0.0 0.0 0.0 0.0 0.0 0.0 0.0 0.0 0.0 0.0 0.0 0.0 0.0 0.0 0.0 0.0 0.0 0.0 0.0 0.0 0.0 
-0.0010938471388892116 -0.0016407707083338173 -0.0027346178472230287 -0.0032815414166676342 -0.0021876942777784231 -0.0021876942777784231 -0.0016407707083338173 -0.00054692356944460578 0.0 0.0 0.0 0.0 0.0 0.0 0.0 0.0030338774473167409 0.0045508161709751117 0.0060677548946334817 0.0060677548946334817 0.0060677548946334817 0.0030338774473167409 0.0015169387236583704 0.0 0.0 0.0 0.0 0.0 0.0 0.0 0.0 0.0 0.0 0.0 0.0 0.0 0.0 0.0 0.0 0.0 0.0 0.0 0.0 0.0 0.0 0.0 0.0 0.0 0.0 0.0 0.0 
-0.0021876942777784231 -0.0027346178472230287 -0.0038284649861122398 -0.0043753885555568453 -0.0032815414166676342 -0.0021876942777784231 -0.0016407707083338173 -0.00054692356944460578 0.0 0.0 0.0 0.0 0.0 0.0 0.0 0.0 0.0015169387236583704 0.0030338774473167409 0.0030338774473167409 0.0030338774473167409 0.0030338774473167409 0.0015169387236583704 0.0 0.0 0.0 0.0 0.0 0.0 0.0 0.0 0.0 0.0 0.0 0.0 0.0 -0.0076712692677926991 -0.0076712692677926991 -0.0076712692677926991 -0.0076712692677926991 -0.0076712692677926991 0.0 0.0 0.0 0.0 0.0 0.0 0.0 0.0 0.0 0.0 
-0.0021876942777784231 -0.0021876942777784231 -0.0032815414166676342 -0.0038284649861122398 -0.0027346178472230287 -0.0016407707083338173 -0.0016407707083338173 -0.00054692356944460578 0.0 0.0 0.0 0.0 0.0 0.0 0.0 0.0 0.0 0.0015169387236583704 0.0015169387236583704 0.0015169387236583704 0.0015169387236583704 0.0015169387236583704 0.0 0.0 0.0 0.0 0.0 0.0 0.0 0.0 0.0 -0.0038356346338963496 -0.0038356346338963496 -0.0038356346338963496 -0.0038356346338963496 -0.011506903901689049 -0.0076712692677926991 -0.0076712692677926991 -0.0076712692677926991 -0.0076712692677926991 0.0 0.0 0.0 0.0 0.0 0.0 0.0 0.0 0.0 0.0 
-0.0021876942777784231 -0.0021876942777784231 0.014177606390146397 0.013630682820701789 0.014724529959591 0.015818377098480212 0.015818377098480212 -0.00054692356944460578 0.0 0.0 0.0 0.0 -0.00091262932310648285 -0.00091262932310648285 -0.00091262932310648285 -0.00091262932310648285 -0.00091262932310648285 0.0 0.0 0.0 0.0 0.0 0.0 0.0 0.0 0.0 0.0 0.0 0.0 0.0 0.0 -0.0038356346338963496 -0.016913645962956206 -0.016913645962956206 -0.016913645962956206 -0.024584915230748905 -0.020749280596852555 -0.0076712692677926991 -0.0076712692677926991 -0.0076712692677926991 0.0 0.0 0.0 0.0 0.0 0.0 0.0 0.0 0.0 0.0 
-0.0021876942777784231 -0.0021876942777784231 0.014177606390146397 0.022360256724108806 0.023454103862998017 0.024547951001887228 0.024547951001887228 0.0081826503339624095 0.0 0.0 0.0 0.0 -0.00091262932310648285 -0.0018252586462129657 -0.0018252586462129657 -0.0018252586462129657 -0.0018252586462129657 -0.00091262932310648285 0.0 0.0 0.0 0.0 0.0 0.0 0.0 0.0 0.0 0.0 0.0 0.0 0.0 -0.0038356346338963496 -0.016913645962956206 -0.023452651627486134 -0.023452651627486134 -0.031123920895278833 -0.027288286261382484 -0.014210274932322627 -0.0076712692677926991 -0.0076712692677926991 0.0 0.0 0.0 0.0 0.0 0.0 0.0 0.0 0.0 0.0 
0.0074490210443710139 0.0074490210443710139 0.023814321712295833 0.031996972046258246 0.048362272714183072 0.049456119853072272 0.049456119853072272 0.033090819185147453 0.024908168851185044 0.0 0.0 0.0 -0.00091262932310648285 -0.0018252586462129657 -0.027713017292425937 -0.027713017292425937 -0.027713017292425937 -0.026800387969319453 -0.025887758646212969 0.0 0.0 0.0 0.0 0.0 0.0 0.0 0.0 0.0 0.0 0.0 0.0 -0.0038356346338963496 -0.016913645962956206 -0.023452651627486134 -0.036530662956545994 -0.044201932224338693 -0.040366297590442343 -0.027288286261382484 -0.020749280596852555 -0.0076712692677926991 0.0 0.0 0.0 0.0 0.0 0.0 0.0 0.0 0.0 0.0 
0.025628604549780675 0.025628604549780675 0.041993905217705491 0.050176555551667903 0.066541856219592729 0.065821420520997098 0.065821420520997098 0.049456119853072272 0.041273469519109859 0.016365300667924819 -0.0018252586462129657 -0.0018252586462129657 -0.0027378879693194485 -0.0036505172924259314 -0.029538275938638902 -0.075838017292425938 -0.075838017292425938 -0.074925387969319454 -0.07401275864621297 -0.048125 0.0 0.0 0.0 0.0 0.0 0.0 0.0 0.0 0.0 0.0 -0.030453949638083355 -0.034289584271979701 -0.047367595601039557 -0.053906601265569488 -0.066984612594629345 -0.041937405017813144 -0.038101770383916794 -0.025023759054856941 -0.018484753390327013 -0.0054067420612671571 0.0 0.0 0.0 0.0 0.0 0.0 0.0 0.0 0.0 0.0 
0.025628604549780675 0.042354123067003313 0.058719423734928125 0.066902074068890538 0.083267374736815364 0.082546939038219733 0.065821420520997098 0.049456119853072272 0.041273469519109859 0.016365300667924819 -0.0018252586462129657 -0.0027378879693194485 -0.0036505172924259314 -0.0045631466155324138 -0.030450905261745386 -0.076750646615532422 -0.099900517292425939 -0.098987887969319455 -0.098075258646212971 -0.0721875 -0.0240625 0.0 0.0 0.0 0.0 0.0 0.0 0.0 0.0 0.0 -0.030453949638083355 -0.05037403270593685 -0.063452044034996699 -0.069991049699526631 -0.083069061028586494 -0.058021853451770286 -0.040805141414550369 -0.02772713008549052 -0.021188124420960592 -0.0081101130919007357 -0.0027033710306335786 0.0 0.0 0.0 0.0 0.0 0.0 0.0 0.0 0.0 
0.025628604549780675 0.042354123067003313 0.059439859433523756 0.067622509767486169 0.083987810435410981 0.08326737473681535 0.066541856219592715 0.049456119853072272 0.041273469519109859 0.016365300667924819 -0.0018252586462129657 -0.0027378879693194485 -0.01615051729242593 -0.017063146615532418 -0.042950905261745387 -0.08925064661553242 -0.11240051729242594 -0.13461288796931947 -0.13370025864621299 -0.1078125 -0.059687500000000004 -0.035625000000000004 -0.021962859067631742 -0.021962859067631742 -0.021962859067631742 -0.021962859067631742 -0.021962859067631742 -0.021067733140459725 -0.021067733140459725 -0.021067733140459725 -0.051521682778543076 -0.071441765846396568 -0.069146465701184101 -0.075685471365714047 -0.088763482694773896 -0.063716275117957688 -0.046499563080737785 -0.02772713008549052 -0.021188124420960592 -0.0081101130919007357 -0.0027033710306335786 0.0 0.0 0.0 0.0 0.0 0.0 0.0 0.0 0.0 
0.025628604549780675 0.042354123067003313 0.059439859433523756 0.067982727616783978 0.08434802828470879 0.083627592586113159 0.066902074068890524 0.049816337702370081 0.041273469519109859 0.016365300667924819 -0.0018252586462129657 -0.0027378879693194485 -0.01615051729242593 -0.028650517292425935 -0.0545382759386389 -0.10083801729242593 -0.12398788796931945 -0.14620025864621297 -0.14526275864621296 -0.11937500000000001 -0.07125000000000001 -0.04718750000000001 -0.033525359067631738 -0.032944288601447616 -0.032944288601447616 -0.032944288601447616 -0.032944288601447616 -0.0320491626742756 -0.040987816208313217 -0.040987816208313217 -0.071441765846396582 -0.091361848914250074 -0.089066548769037607 -0.069146465701184101 -0.082224477030243964 -0.05717726945342777 -0.039960557416207854 -0.021188124420960592 -0.021188124420960592 -0.0081101130919007357 -0.0027033710306335786 0.0 0.0 0.0 0.0 0.0 0.0 0.0 0.0 0.0 
0.01708573636652045 0.033811254883743085 0.050896991250263535 0.059439859433523756 0.059439859433523756 0.058719423734928125 0.041993905217705491 0.024908168851185044 0.016365300667924819 0.016365300667924819 -0.0018252586462129657 -0.0027378879693194485 -0.01615051729242593 -0.028650517292425935 -0.052713017292425932 -0.099012758646212964 -0.12216262932310648 -0.144375 -0.1434375 -0.11937500000000001 -0.07125000000000001 -0.04718750000000001 -0.033525359067631738 -0.032944288601447616 -0.054907147669079351 -0.054907147669079351 -0.054907147669079351 -0.054012021741907348 -0.062950675275944959 -0.080827982344020208 -0.11128193198210357 -0.13120201504995704 -0.12890671490474459 -0.10898663183689108 -0.069146465701184101 -0.044099258124367907 -0.026882546087147997 -0.0081101130919007357 -0.0081101130919007357 -0.0081101130919007357 -0.0027033710306335786 0.0 0.0 0.0 0.0 0.0 0.0 0.0 0.0 0.0 
0.0 0.016725518517222634 0.033811254883743085 0.042354123067003313 0.042354123067003313 0.042354123067003313 0.025628604549780675 0.008542868183260225 0.0 0.0 0.0 -0.00091262932310648285 -0.014325258646212966 -0.02682525864621297 -0.050887758646212963 -0.050887758646212963 -0.07403762932310648 -0.09625 -0.09531250000000001 -0.07125000000000001 -0.093212859067631756 -0.069150359067631756 -0.055488218135263487 -0.054907147669079351 -0.076870006736711086 -0.0812723378596929 -0.0812723378596929 -0.080377211932520898 -0.089315865466558522 -0.10719317253463376 -0.090214198841643833 -0.11013428190949733 -0.10783898176428484 -0.087918898696431366 -0.048078732560724383 -0.038692516063100757 -0.02147580402588084 -0.0027033710306335786 -0.0027033710306335786 -0.0027033710306335786 -0.0027033710306335786 0.0 0.0 0.0 0.0 0.0 0.0 0.0 0.0 0.0 
0.0 0.0 0.01708573636652045 0.025628604549780675 0.025628604549780675 0.025628604549780675 0.025628604549780675 0.008542868183260225 0.0 0.0 0.0 0.0 -0.013412629323106483 -0.025912629323106486 -0.049975129323106479 -0.049975129323106479 -0.049975129323106479 -0.0721875 -0.07125000000000001 -0.04718750000000001 -0.069150359067631756 -0.080131788601447623 -0.066469647669079354 -0.065888577202895218 -0.087851436270526953 -0.092253767393508768 -0.094454932954999682 -0.093559807027827679 -0.1024984605618653 -0.12037576762994054 -0.10339679393695062 -0.090214198841643833 -0.087918898696431352 -0.067998815628577874 -0.028158649492870891 -0.018772432995247262 -0.018772432995247262 0.0 0.0 0.0 0.0 0.0 0.0 0.0 0.0 0.0 0.0 0.0 0.0 0.0 
0.0 0.0 0.0 0.008542868183260225 0.008542868183260225 0.008542868183260225 0.008542868183260225 0.008542868183260225 0.0 0.0 0.0 0.0 0.0 -0.0125 -0.0365625 -0.0365625 -0.0365625 -0.0365625 -0.035625000000000004 -0.011562500000000002 -0.033525359067631745 -0.044506788601447619 -0.044506788601447619 -0.043925718135263483 -0.065888577202895218 -0.070290908325877033 -0.072492073887367947 -0.09885726407798151 -0.10779591761201913 -0.12567322468009437 -0.10869425098710445 -0.095511655891797664 -0.069146465701184101 -0.049226382633330616 -0.0093862164976236308 0.0 0.0 0.0 0.0 0.0 0.0 0.0 0.0 0.0 0.0 0.0 0.0 0.0 0.0 0.0 
0.0 0.0 0.0 0.0 0.0 0.0 0.0 0.0 0.0 0.0 0.0 0.0 0.0 0.0 -0.0240625 -0.0240625 -0.0240625 -0.0240625 -0.0240625 0.0 -0.021962859067631742 -0.032944288601447616 -0.032944288601447616 -0.032944288601447616 -0.054907147669079351 -0.059309478792061165 -0.061510644353552073 -0.087875834544165629 -0.10105842963947241 -0.11893573670754766 -0.10195676301455774 -0.088774167919250954 -0.062408977728637391 -0.049226382633330616 -0.0093862164976236308 0.0 0.0 0.0 0.0 0.0 0.0 0.0 0.0 0.0 0.0 0.0 0.0 0.0 0.0 0.0 
0.0 0.0 0.0 0.0 0.0 0.0 0.0 0.0 0.0 0.0 0.0 0.0 0.0 0.0 0.0 0.0 0.0 0.0 0.0 0.0 -0.021962859067631742 -0.032944288601447616 -0.032944288601447616 -0.032944288601447616 -0.046126883696754384 -0.050529214819736198 -0.052730380381227106 -0.079095570571840662 -0.092278165667147444 -0.092278165667147444 -0.075299191974157506 -0.062116596878850731 -0.035751406688237182 -0.022568811592930407 -0.0093862164976236308 0.0 0.0 0.0 0.0 0.0 0.0 0.0 0.0 0.0 0.0 0.0 0.0 0.0 0.0 0.0 
0.0 0.0 0.0 0.0 0.0 0.0 0.0 0.0 0.0 0.0 0.0 0.0 0.0 0.0 0.0 0.0 0.0 0.0 0.0 0.0 0.0 -0.010981429533815871 -0.010981429533815871 -0.010981429533815871 -0.024164024629122649 -0.024164024629122649 -0.026365190190613553 -0.052730380381227106 -0.06591297547653388 -0.06591297547653388 -0.06591297547653388 -0.052730380381227106 -0.026365190190613553 -0.013182595095306776 0.0 0.0 0.0 0.0 0.0 0.0 0.0 0.0 0.0 0.0 0.0 0.0 0.0 0.0 0.0 0.0 
0.0 0.0 0.0 0.0 0.0 0.0 0.0 0.0 0.0 0.0 0.0 0.0 0.0 0.0 0.0 0.0 0.0 0.0 0.0 0.0 0.0 0.0 0.0 0.0 -0.013182595095306776 -0.013182595095306776 -0.013182595095306776 -0.039547785285920331 -0.052730380381227106 -0.052730380381227106 -0.052730380381227106 -0.052730380381227106 -0.026365190190613553 -0.013182595095306776 0.0 0.0 0.0 0.0 0.0 0.0 0.0 0.0 0.0 0.0 0.0 0.0 0.0 0.0 0.0 0.0 
0.0 0.0 0.0 0.0 0.0 0.0 0.0 0.0 0.0 0.0 0.0 0.0 0.0 0.0 0.0 0.0 0.0 0.0 0.0 0.0 0.0 0.0 0.0 0.0 -0.013182595095306776 -0.013182595095306776 -0.013182595095306776 -0.013182595095306776 -0.026365190190613553 -0.026365190190613553 -0.026365190190613553 -0.026365190190613553 -0.026365190190613553 -0.013182595095306776 0.0 0.0 0.0 0.0013288142809993965 0.0013288142809993965 0.0013288142809993965 0.0013288142809993965 0.0013288142809993965 0.0 0.0 0.0 0.0 0.0 0.0 0.0 0.0 
0.0 0.0 0.0 0.0 0.0 0.0 0.0 0.0 0.0 0.0 0.0 0.0 0.0 0.0 0.0 0.0 0.0 0.0 0.0 0.0 0.0 0.0 0.0 0.0 -0.013182595095306776 -0.013182595095306776 -0.013182595095306776 -0.013182595095306776 -0.013182595095306776 -0.013182595095306776 -0.013182595095306776 -0.013182595095306776 -0.013182595095306776 -0.013182595095306776 0.0 0.0 0.0 0.0013288142809993965 0.002657628561998793 0.002657628561998793 0.002657628561998793 0.002657628561998793 0.0013288142809993965 0.0 0.0 0.0 0.0 0.0 0.0 0.0 
0.0 0.0 0.0 0.0 0.0 0.0 0.0 0.0 0.0 0.0 0.0 0.0 0.0 0.0 0.0 0.0 0.0 0.0 0.0 0.0 0.0 0.0 0.0 0.0 0.0 0.0 0.0 0.0 0.0 0.0 0.0 0.0 0.0 0.0 0.0 0.0 0.0 0.0013288142809993965 0.002657628561998793 0.005315257123997586 0.005315257123997586 0.005315257123997586 0.0039864428429981892 0.002657628561998793 0.0027094262613936585 0.0027094262613936585 0.0027094262613936585 0.0027094262613936585 0.0027094262613936585 0.0 
0.0 0.0 0.0 0.0 0.0 0.0 0.0 0.0 0.0 0.0 0.0 0.0 0.0 0.0 0.0 0.0 0.0 0.0 0.0 0.0 0.0 0.0 0.0 0.0 0.0 0.0 0.0 0.0 0.0 0.0 0.0 0.0 0.0 0.0 0.0 0.0 0.0 0.0013288142809993965 0.002657628561998793 0.005315257123997586 0.011428709727556706 0.011428709727556706 0.01009989544655731 0.0087710811655579129 0.0088228788649527788 0.030418852522787317 0.030418852522787317 0.030418852522787317 0.030418852522787317 0.027709426261393659 
0.0 0.0 0.0 0.0 0.0 0.0 0.0 0.0 0.0 0.0 0.0 0.0 0.0 0.0 0.0 0.0 0.0 0.0 0.0 0.0 0.0 0.0 0.0 0.0 0.0 0.0 0.0 0.0 0.0 0.0 0.0 0.0 0.0 0.0 0.0 0.0 0.0013288142809993965 0.002657628561998793 0.0039864428429981892 0.0066440714049969827 0.012757524008556103 0.01315662174833687 0.011827807467337473 0.010498993186338077 0.010550790885732943 0.032146764543567477 0.056773565653484147 0.056773565653484147 0.056773565653484147 0.054064139392090489 
0.0 0.0 0.0 0.0 0.0 0.0 0.0 0.0 0.0 0.0 0.0 0.0 0.0 0.0 0.0 0.0 0.0 0.0 0.0 0.0 0.0 0.0 0.0 0.0 0.0 0.0 0.0 0.0 0.0 0.0 0.0 0.0 0.0 0.0 0.0 0.0 0.0013288142809993965 0.0061134526035591203 0.007442266884558517 0.01009989544655731 0.016213348050116431 0.016612445789897196 0.011827807467337473 0.010498993186338077 0.010550790885732943 0.032146764543567477 0.056773565653484147 0.1094829919148778 0.1094829919148778 0.10677356565348416 
0.0 0.0 0.0 0.0 0.0 0.0 0.0 0.0 0.0 0.0 0.0 0.0 0.0 0.0 0.0 0.0 0.0 0.0 0.0 0.0 0.0 0.0 0.0 0.0 0.0 0.0 0.0 0.0 0.0 0.0 0.0 0.0 0.0 0.0 0.0 0.0 0.0013288142809993965 0.0061134526035591203 0.0078413646243392834 0.010498993186338077 0.016612445789897196 0.017011543529677965 0.012226905207118241 0.011853706317034906 0.011905504016429772 0.033501477674264306 0.058128278784180976 0.11083770504557464 0.13448299191487781 0.13177356565348414 
0.0 0.0 0.0 0.0 0.0 0.0 0.0 0.0 0.0 0.0 0.0 0.0 0.0 0.0 0.0 0.0 0.0 0.0 0.0 0.0 0.0 0.0 0.0 0.0 0.0 0.0 0.0 0.0 0.0 0.0 0.0 0.0 0.0 0.0 0.0 0.0 0.0013288142809993965 0.0061134526035591203 0.0078413646243392834 0.011297188665899611 0.017410641269458731 0.0178097390092395 0.013025100686679775 0.01265190179659644 0.0091960777550361139 0.030792051412870652 0.055418852522787318 0.10812827878418098 0.13177356565348414 0.18177356565348413 
